# dFOM/di
-1.652637957085811848e-02
-5.528873833090530709e-02
-2.369284904185836593e-01
-6.041992386312172725e-01
-1.081781939054712760e+00
-1.546777418429673423e+00
-1.844994833157351133e+00
-1.812271446875129977e+00
-1.343063565869562215e+00
-4.966262656649234053e-01
4.663589441650600742e-01
1.211057877231469515e+00
1.526431810620260121e+00
1.402940875989852509e+00
9.567443424582211531e-01
3.218673380801090333e-01
-4.004727523779338938e-01
-1.134748564449877817e+00
-1.795452200026306677e+00
-2.247232738815091224e+00
-2.292956028258888335e+00
-1.743509285841104983e+00
-5.893281563206592688e-01
8.615032397280231180e-01
2.102056397042306735e+00
2.757406726602312563e+00
2.779632315032384948e+00
2.350615737862085552e+00
1.686379919516156622e+00
9.312953517323224739e-01
1.503591248961849702e-01
-6.404239282464224692e-01
-1.440470143762004218e+00
-2.232725882599861933e+00
-2.948117297168251216e+00
-3.429908837786086018e+00
-3.432273019551487891e+00
-2.720894054944078544e+00
-1.289757492523807558e+00
4.879771611074001925e-01
2.026203481287602859e+00
2.909681420792920026e+00
3.092124972252979553e+00
2.774487091989327858e+00
2.193910611116722809e+00
1.513690305875853293e+00
8.137955984538813858e-01
1.185294042072709830e-01
-5.755015206971414443e-01
-1.278774496427384388e+00
-1.991330168736454853e+00
-2.681908945717109471e+00
-3.260658070681807352e+00
-3.555124450602253905e+00
-3.326308740315222945e+00
-2.380332414999719592e+00
-7.660647077929766402e-01
1.117134111302750421e+00
2.700421296995852760e+00
3.598248138660331552e+00
3.780213255537753891e+00
3.454162202750055144e+00
2.865816818504257402e+00
2.189333927931086166e+00
1.514301430324396680e+00
8.713125906374213914e-01
2.587683869853280028e-01
-3.392708265337440743e-01
-9.424293892450863463e-01
-1.566162016857342021e+00
-2.212381395797102801e+00
-2.854869427260817272e+00
-3.418286820296040140e+00
-3.758375825721258057e+00
-3.669677099143603183e+00
-2.962360865096300255e+00
-1.613399876819808565e+00
1.159792786174895785e-01
1.760024080202536645e+00
2.910552766462334962e+00
3.421366980450857298e+00
3.392591229440564238e+00
3.023876155060203796e+00
2.493482034429566951e+00
1.915396853125258980e+00
1.345760434410397943e+00
8.029944586437159915e-01
2.849513008635978784e-01
-2.201581170341360139e-01
-7.273988683627469198e-01
-1.250829478080822676e+00
-1.799018945386188228e+00
-2.368232766134512168e+00
-2.931423874933430707e+00
-3.422814174680771426e+00
-3.723483528264345921e+00
-3.665074891681861846e+00
-3.079610603815825520e+00
-1.906788911871580616e+00
-3.021950547682158983e-01
5.725240119109464842e-01
